2855.54052734375,
-4095.610107421875,
0,
0,
0,
1,
0.17499999701976776,
0.17499999701976776,
0.17499999701976776,
0,
0,
0,
1,
0,
-0.314572811126709,
0.06078200042247772,
0,
0,
0,
1,
0.17499999701976776,
0.17499999701976776,
0.17499999701976776,
0,
0,
0,
1,
0,
-0.314572811126709,
-4095.610107421875,
0,
0,
0,
1,
0.17499999701976776,
0.17499999701976776,
0.17499999701976776,
0,
0,
0,
1,
0,
-0.314572811126709,
0.06078200042247772,
0,
0,
0,
1,
0.17499999701976776,
0.17499999701976776,
0.17499999701976776,
0,
0,
0,
1,
0,
2855.54052734375,
-4095.610107421875,
0,
0,
0,
1,
0.17499999701976776,
0.17499999701976776,
0.17499999701976776,
0,
0,
0,
1,
0,
4096.30859375,
0.06078200042247772,
0,
0,
0,
1,
0.17499999701976776,
0.17499999701976776,
0.17499999701976776,
0,
0,
0,
1,
0,
4096.30859375,
0.06078200042247772,
0,
0,
0,
1,
0.17499999701976776,
0.17499999701976776,
0.17499999701976776,
0,
0,
0,
1,
0,
2855.54052734375,
-4095.610107421875,
0,
0,
0,
1,
0.17499999701976776,
0.17499999701976776,
0.17499999701976776,
0,
0,
0,
1,
0,
3173.934814453125,
-3997.254150390625,
0,
0,
0,
1,
0.17499999701976776,
0.17499999701976776,
0.17499999701976776,
0,
0,
0,
1,
0,
4096.30859375,
0.06078200042247772,
0,
0,
0,
1,
0.17499999701976776,
0.17499999701976776,
0.17499999701976776,
0,
0,
0,
1,
0,
3173.934814453125,
-3997.254150390625,
0,
0,
0,
1,
0.17499999701976776,
0.17499999701976776,
0.17499999701976776,
0,
0,
0,
1,
0,
3370.041748046875,
-3931.35546875,
0,
0,
0,
1,
0.17499999701976776,
0.17499999701976776,
0.17499999701976776,
0,
0,
0,
1,
0,
4096.30859375,
0.06078200042247772,
0,
0,
0,
1,
0.17499999701976776,
0.17499999701976776,
0.17499999701976776,
0,
0,
0,
1,
0,
3370.041748046875,
-3931.35546875,
0,
0,
0,
1,
0.17499999701976776,
0.17499999701976776,
0.17499999701976776,
0,
0,
0,
1,
0,
3591.5009765625,
-3857.588134765625,
0,
0,
0,
1,
0.17499999701976776,
0.17499999701976776,
0.17499999701976776,
0,
0,
0,
1,
0,
4096.30859375,
0.06078200042247772,
0,
0,
0,
1,
0.17499999701976776,
0.17499999701976776,
0.17499999701976776,
0,
0,
0,
1,
0,
3591.5009765625,
-3857.588134765625,
0,
0,
0,
1,
0.17499999701976776,
0.17499999701976776,
0.17499999701976776,
0,
0,
0,
1,
0,
3956.871337890625,
-3724.80712890625,
0,
0,
0,
1,
0.17499999701976776,
0.17499999701976776,
0.17499999701976776,
0,
0,
0,
1,
0,
4096.30859375,
0.06078200042247772,
0,
0,
0,
1,
0.17499999701976776,
0.17499999701976776,
0.17499999701976776,
0,
0,
0,
1,
0,
3956.871337890625,
-3724.80712890625,
0,
0,
0,
1,
0.17499999701976776,
0.17499999701976776,
0.17499999701976776,
0,
0,
0,
1,
0,
4096.30859375,
-3970.697998046875,
0,
0,
0,
1,
0.17499999701976776,
0.17499999701976776,
0.17499999701976776,
0,
0,
0,
1,
0,
4058.2802734375,
-908.7989501953125,
0,
0,
0,
1,
0.5,
0.875,
0.5,
0.6039215922355652,
0.003921568859368563,
0,
0,
1,
4096.30859375,
-838.9627685546875,
0,
0,
0,
1,
0.5,
0.875,
0.5,
0.6039215922355652,
0.003921568859368563,
0,
0,
1,
4028.454345703125,
-866.5038452148438,
0,
0,
0,
1,
0.5,
0.875,
0.5,
0.6039215922355652,
0.003921568859368563,
0,
0,
1,
4096.30859375,
-838.9627685546875,
0,
0,
0,
1,
0.5,
0.875,
0.5,
0.6039215922355652,
0.003921568859368563,
0,
0,
1,
4058.2802734375,
-908.7989501953125,
0,
0,
0,
1,
0.5,
0.875,
0.5,
0.6039215922355652,
0.003921568859368563,
0,
0,
1,
4096.30859375,
-888.1431884765625,
0,
0,
0,
1,
0.5,
0.875,
0.5,
0.6039215922355652,
0.003921568859368563,
0,
0,
1,
3205.997802734375,
-2281.90087890625,
0,
0,
0,
1,
0.5,
0.875,
0.5,
0.6078431606292725,
0.003921568859368563,
0,
0,
1,
3167.969482421875,
-1945.51318359375,
0,
0,
0,
1,
0.5,
0.875,
0.5,
0.6078431606292725,
0.003921568859368563,
0,
0,
1,
3127.7041015625,
-1966.1685791015625,
0,
0,
0,
1,
0.5,
0.875,
0.5,
0.6078431606292725,
0.003921568859368563,
0,
0,
1,
3167.969482421875,
-1945.51318359375,
0,
0,
0,
1,
0.5,
0.875,
0.5,
0.6078431606292725,
0.003921568859368563,
0,
0,
1,
3205.997802734375,
-2281.90087890625,
0,
0,
0,
1,
0.5,
0.875,
0.5,
0.6078431606292725,
0.003921568859368563,
0,
0,
1,
3391.665771484375,
-2225.83642578125,
0,
0,
0,
1,
0.5,
0.875,
0.5,
0.6078431606292725,
0.003921568859368563,
0,
0,
1,
3391.665771484375,
-2225.83642578125,
0,
0,
0,
1,
0.5,
0.875,
0.5,
0.6078431606292725,
0.003921568859368563,
0,
0,
1,
3205.997802734375,
-2281.90087890625,
0,
0,
0,
1,
0.5,
0.875,
0.5,
0.6078431606292725,
0.003921568859368563,
0,
0,
1,
3317.100341796875,
-2248.458740234375,
0,
0,
0,
1,
0.5,
0.875,
0.5,
0.6078431606292725,
0.003921568859368563,
0,
0,
1,
908.6376953125,
-3110.075927734375,
0,
0,
0,
1,
0.5,
0.875,
0.5,
0.6117647290229797,
0.003921568859368563,
0,
0,
1,
871.35498046875,
-3050.07763671875,
0,
0,
0,
1,
0.5,
0.875,
0.5,
0.6117647290229797,
0.003921568859368563,
0,
0,
1,
860.9158325195312,
-3080.568603515625,
0,
0,
0,
1,
0.5,
0.875,
0.5,
0.6117647290229797,
0.003921568859368563,
0,
0,
1,
993.6422729492188,
-3114.99365234375,
0,
0,
0,
1,
0.5,
0.875,
0.5,
0.6117647290229797,
0.003921568859368563,
0,
0,
1,
980.2205200195312,
-2821.887939453125,
0,
0,
0,
1,
0.5,
0.875,
0.5,
0.6117647290229797,
0.003921568859368563,
0,
0,
1,
938.4638671875,
-3114.99365234375,
0,
0,
0,
1,
0.5,
0.875,
0.5,
0.6117647290229797,
0.003921568859368563,
0,
0,
1,
980.2205200195312,
-2821.887939453125,
0,
0,
0,
1,
0.5,
0.875,
0.5,
0.6117647290229797,
0.003921568859368563,
0,
0,
1,
993.6422729492188,
-3114.99365234375,
0,
0,
0,
1,
0.5,
0.875,
0.5,
0.6117647290229797,
0.003921568859368563,
0,
0,
1,
993.6422729492188,
-3070.73291015625,
0,
0,
0,
1,
0.5,
0.875,
0.5,
0.6117647290229797,
0.003921568859368563,
0,
0,
1,
871.35498046875,
-3050.07763671875,
0,
0,
0,
1,
0.5,
0.875,
0.5,
0.6117647290229797,
0.003921568859368563,
0,
0,
1,
844.511474609375,
-2858.2802734375,
0,
0,
0,
1,
0.5,
0.875,
0.5,
0.6117647290229797,
0.003921568859368563,
0,
0,
1,
781.8765258789062,
-3009.751220703125,
0,
0,
0,
1,
0.5,
0.875,
0.5,
0.6117647290229797,
0.003921568859368563,
0,
0,
1,
844.511474609375,
-2858.2802734375,
0,
0,
0,
1,
0.5,
0.875,
0.5,
0.6117647290229797,
0.003921568859368563,
0,
0,
1,
871.35498046875,
-3050.07763671875,
0,
0,
0,
1,
0.5,
0.875,
0.5,
0.6117647290229797,
0.003921568859368563,
0,
0,
1,
928.0247192382812,
-2871.066650390625,
0,
0,
0,
1,
0.5,
0.875,
0.5,
0.6117647290229797,
0.003921568859368563,
0,
0,
1,
928.0247192382812,
-2871.066650390625,
0,
0,
0,
1,
0.5,
0.875,
0.5,
0.6117647290229797,
0.003921568859368563,
0,
0,
1,
871.35498046875,
-3050.07763671875,
0,
0,
0,
1,
0.5,
0.875,
0.5,
0.6117647290229797,
0.003921568859368563,
0,
0,
1,
908.6376953125,
-3110.075927734375,
0,
0,
0,
1,
0.5,
0.875,
0.5,
0.6117647290229797,
0.003921568859368563,
0,
0,
1,
928.0247192382812,
-2871.066650390625,
0,
0,
0,
1,
0.5,
0.875,
0.5,
0.6117647290229797,
0.003921568859368563,
0,
0,
1,
908.6376953125,
-3110.075927734375,
0,
0,
0,
1,
0.5,
0.875,
0.5,
0.6117647290229797,
0.003921568859368563,
0,
0,
1,
938.4638671875,
-3114.99365234375,
0,
0,
0,
1,
0.5,
0.875,
0.5,
0.6117647290229797,
0.003921568859368563,
0,
0,
1,
928.0247192382812,
-2871.066650390625,
0,
0,
0,
1,
0.5,
0.875,
0.5,
0.6117647290229797,
0.003921568859368563,
0,
0,
1,
938.4638671875,
-3114.99365234375,
0,
0,
0,
1,
0.5,
0.875,
0.5,
0.6117647290229797,
0.003921568859368563,
0,
0,
1,
928.0247192382812,
-2723.52978515625,
0,
0,
0,
1,
0.5,
0.875,
0.5,
0.6117647290229797,
0.003921568859368563,
0,
0,
1,
928.0247192382812,
-2723.52978515625,
0,
0,
0,
1,
0.5,
0.875,
0.5,
0.6117647290229797,
0.003921568859368563,
0,
0,
1,
938.4638671875,
-3114.99365234375,
0,
0,
0,
1,
0.5,
0.875,
0.5,
0.6117647290229797,
0.003921568859368563,
0,
0,
1,
937.7182006835938,
-2723.52978515625,
0,
0,
0,
1,
0.5,
0.875,
0.5,
0.6117647290229797,
0.003921568859368563,
0,
0,
1,
937.7182006835938,
-2723.52978515625,
0,
0,
0,
1,
0.5,
0.875,
0.5,
0.6117647290229797,
0.003921568859368563,
0,
0,
1,
938.4638671875,
-3114.99365234375,
0,
0,
0,
1,
0.5,
0.875,
0.5,
0.6117647290229797,
0.003921568859368563,
0,
0,
1,
980.2205200195312,
-2821.887939453125,
0,
0,
0,
1,
0.5,
0.875,
0.5,
0.6117647290229797,
0.003921568859368563,
0,
0,
1,
937.7182006835938,
-2723.52978515625,
0,
0,
0,
1,
0.5,
0.875,
0.5,
0.6117647290229797,
0.003921568859368563,
0,
0,
1,
980.2205200195312,
-2821.887939453125,
0,
0,
0,
1,
0.5,
0.875,
0.5,
0.6117647290229797,
0.003921568859368563,
0,
0,
1,
1006.318359375,
-2729.431396484375,
0,
0,
0,
1,
0.5,
0.875,
0.5,
0.6117647290229797,
0.003921568859368563,
0,
0,
1,
1006.318359375,
-2729.431396484375,
0,
0,
0,
1,
0.5,
0.875,
0.5,
0.6117647290229797,
0.003921568859368563,
0,
0,
1,
980.2205200195312,
-2821.887939453125,
0,
0,
0,
1,
0.5,
0.875,
0.5,
0.6117647290229797,
0.003921568859368563,
0,
0,
1,
1006.318359375,
-2819.920654296875,
0,
0,
0,
1,
0.5,
0.875,
0.5,
0.6117647290229797,
0.003921568859368563,
0,
0,
1,
4038.147705078125,
-1002.2416381835938,
0,
0,
0,
1,
0.5,
0.875,
0.5,
0.615686297416687,
0.003921568859368563,
0,
0,
1,
4096.30859375,
-788.7987060546875,
0,
0,
0,
1,
0.5,
0.875,
0.5,
0.615686297416687,
0.003921568859368563,
0,
0,
1,
3888.271240234375,
-849.782470703125,
0,
0,
0,
1,
0.5,
0.875,
0.5,
0.615686297416687,
0.003921568859368563,
0,
0,
1,
4096.30859375,
-788.7987060546875,
0,
0,
0,
1,
0.5,
0.875,
0.5,
0.615686297416687,
0.003921568859368563,
0,
0,
1,
4038.147705078125,
-1002.2416381835938,
0,
0,
0,
1,
0.5,
0.875,
0.5,
0.615686297416687,
0.003921568859368563,
0,
0,
1,
4096.30859375,
-961.9137573242188,
0,
0,
0,
1,
0.5,
0.875,
0.5,
0.615686297416687,
0.003921568859368563,
0,
0,
1,
1136.807861328125,
-1164.5364990234375,
0,
0,
0,
1,
0.5,
0.875,
0.5,
0.6196078658103943,
0.003921568859368563,
0,
0,
1,
1118.16650390625,
-1153.716796875,
0,
0,
0,
1,
0.5,
0.875,
0.5,
0.6196078658103943,
0.003921568859368563,
0,
0,
1,
1115.9295654296875,
-1165.52001953125,
0,
0,
0,
1,
0.5,
0.875,
0.5,
0.6196078658103943,
0.003921568859368563,
0,
0,
1,
1118.16650390625,
-1153.716796875,
0,
0,
0,
1,
0.5,
0.875,
0.5,
0.6196078658103943,
0.003921568859368563,
0,
0,
1,
1136.807861328125,
-1164.5364990234375,
0,
0,
0,
1,
0.5,
0.875,
0.5,
0.6196078658103943,
0.003921568859368563,
0,
0,
1,
1133.8251953125,
-897.979248046875,
0,
0,
0,
1,
0.5,
0.875,
0.5,
0.6196078658103943,
0.003921568859368563,
0,
0,
1,
1133.8251953125,
-897.979248046875,
0,
0,
0,
1,
0.5,
0.875,
0.5,
0.6196078658103943,
0.003921568859368563,
0,
0,
1,
1136.807861328125,
-1164.5364990234375,
0,
0,
0,
1,
0.5,
0.875,
0.5,
0.6196078658103943,
0.003921568859368563,
0,
0,
1,
1137.553466796875,
-1019.946533203125,
0,
0,
0,
1,
0.5,
0.875,
0.5,
0.6196078658103943,
0.003921568859368563,
0,
0,
1,
605.156494140625,
-1158.634765625,
0,
0,
0,
1,
0.5,
0.875,
0.5,
0.6196078658103943,
0.003921568859368563,
0,
0,
1,
597.699951171875,
-1035.6842041015625,
0,
0,
0,
1,
0.5,
0.875,
0.5,
0.6196078658103943,
0.003921568859368563,
0,
0,
1,
586.51513671875,
-1155.6839599609375,
0,
0,
0,
1,
0.5,
0.875,
0.5,
0.6196078658103943,
0.003921568859368563,
0,
0,
1,
597.699951171875,
-1035.6842041015625,
0,
0,
0,
1,
0.5,
0.875,
0.5,
0.6196078658103943,
0.003921568859368563,
0,
0,
1,
605.156494140625,
-1158.634765625,
0,
0,
0,
1,
0.5,
0.875,
0.5,
0.6196078658103943,
0.003921568859368563,
0,
0,
1,
605.156494140625,
-983.5531005859375,
0,
0,
0,
1,
0.5,
0.875,
0.5,
0.6196078658103943,
0.003921568859368563,
0,
0,
1,
605.156494140625,
-983.5531005859375,
0,
0,
0,
1,
0.5,
0.875,
0.5,
0.6196078658103943,
0.003921568859368563,
0,
0,
1,
605.156494140625,
-1158.634765625,
0,
0,
0,
1,
0.5,
0.875,
0.5,
0.6196078658103943,
0.003921568859368563,
0,
0,
1,
607.3934936523438,
-1146.83154296875,
0,
0,
0,
1,
0.5,
0.875,
0.5,
0.6196078658103943,
0.003921568859368563,
0,
0,
1,
605.156494140625,
-983.5531005859375,
0,
0,
0,
1,
0.5,
0.875,
0.5,
0.6196078658103943,
0.003921568859368563,
0,
0,
1,
607.3934936523438,
-1146.83154296875,
0,
0,
0,
1,
0.5,
0.875,
0.5,
0.6196078658103943,
0.003921568859368563,
0,
0,
1,
637.9652709960938,
-847.8152465820312,
0,
0,
0,
1,
0.5,
0.875,
0.5,
0.6196078658103943,
0.003921568859368563,
0,
0,
1,
637.9652709960938,
-847.8152465820312,
0,
0,
0,
1,
0.5,
0.875,
0.5,
0.6196078658103943,
0.003921568859368563,
0,
0,
1,
